1	4890
2.1	3916
2.2	5425
3	6233
4	1455
5.1	3376
5.2	3189
6	4539
7.1	4620
7.2	3364
8.1	6709
8.2	2869
9.1	7175
9.2	2092
10.1	7436
10.2	3442
11	4779
12	5008
13.1	3955
13.2	6857
14.1	3078
14.2	2998
15	5911
16	3957
17.2	2644
18.3	3514
18.4	4480
19.1	4016
19.2	1969
20.1	2340
20.2	3813
21.1	5309
21.2	4648
22.1	3442
22.2	3087
23.1	2974
23.2	2036
24  3618
25.1	2554
25.2	5973
26	2166
27.1	5233
27.2	5226
28.1	3773
28.2	4277
29	3962
30	3398
31	2885
32	4913
33.1	3198
33.2	2134
34	4347
35	3740
36	4208
37	5763
38	4614
39	4474
40.1	3745
40.2	2797
41	2708
42.1	3342
42.2	2771
43	3255
44	4572
46	3028
47.1	3986
47.2	1802
48.1	2143
48.2	2922
49.1	2087
49.2	2690
50.1	1955
50.2	6021
52.1	6077
53.1	5051
55	6671
56	6756
58	2830
59	2998
62.2	33
64	2139
65	2531
66	1909
67	3775
68.1	1949
68.2	2084
68.4	3670
69	2179
70	2812
71	2911
72	2794
73.1	3012
73.4	3546
74.1	2414
74.3	2859
74.4	3310
74.6	3063
74.7	2587
74.8	3038
74.9	3499
75.2	4541
75.3	2425
75.4	2451
76.1	4355
76.3	4044
76.4	3644
76.5	3447
77.3	5187
77.7	3867
77.8	2486
77.9	2007
78.3	3293
78.4	3446
78.6	2347
78.7	2139
78.8	3646
78.9	2922
79.1	3822
79.3	1774
80.1	2784
80.2	3031
81  2910
82	2918
83.1	2279
83.2	2206
84.2	2149
84.1	1489
87.1	2407
87.2	1599
88.2	4119
88.3	2037
88.4	2412
89.3	2633
89.4	3309
90	2732
91.2	4127
92.1	1976
92.3	2582
92.4	2557
93.1	3143
93.2	1189
94	4163
95.1	5797
95.3	2910
95.4	3025
95.5	2630
95.7	1489
95.8	3290
95.9	2940
96.1	2445
96.2	3280
96.3	3373
96.4	1962
97	3177
98.1	1575
98.2	1693
98.3	2758
98.4	2473
98.7	3072
98.1	2507
98.11	4365
99.1	2249
99.2	2905
99.3	1851
99.4	2243
99.5	2795
99.6	1296
99.7	2836
101	2621
102	2324
103	3187
104	4365
105	3410
106	3933
107	1838
108	6408
109	3211
110	3715
111	4859